*******************************
13 7 -1
*******************************

14 9 0
8 5 1

*******************************
13 7 1
*******************************

10 3 1
4 3 1

*******************************
23 11 -1
*******************************

*******************************
23 11 1
*******************************

2 3 1
14 5 2

*******************************
29 7 -1
*******************************

16 5 1
8 41 2
14 9 0

*******************************
29 7 1
*******************************

2 3 1
12 43 3

*******************************
37 19 -1
*******************************

*******************************
37 19 1
*******************************

*******************************
41 7 -1
*******************************

14 9 0

*******************************
41 7 1
*******************************

*******************************
43 7 -1
*******************************

14 9 0
8 3 1

*******************************
43 7 1
*******************************

*******************************
43 11 -1
*******************************

*******************************
43 11 1
*******************************

*******************************
47 23 -1
*******************************

*******************************
47 23 1
*******************************

*******************************
53 13 -1
*******************************

*******************************
53 13 1
*******************************

*******************************
59 29 -1
*******************************

*******************************
59 29 1
*******************************

*******************************
61 31 -1
*******************************

*******************************
61 31 1
*******************************

*******************************
67 11 -1
*******************************

12 7 1

*******************************
67 11 1
*******************************

*******************************
67 17 -1
*******************************

*******************************
67 17 1
*******************************

*******************************
71 7 -1
*******************************

14 9 0

*******************************
71 7 1
*******************************

2 9 1

*******************************
73 37 -1
*******************************

*******************************
73 37 1
*******************************

*******************************
79 13 -1
*******************************

*******************************
79 13 1
*******************************

*******************************
83 7 -1
*******************************

38 17 2
14 9 0

*******************************
83 7 1
*******************************

2 5 1
20 13 1

*******************************
83 41 -1
*******************************

*******************************
83 41 1
*******************************

*******************************
89 11 -1
*******************************

*******************************
89 11 1
*******************************

*******************************
97 7 -1
*******************************

14 9 0

*******************************
97 7 1
*******************************

10 7 1
